Problem 7 (a)
G2(num):
0(1): (0,0,0)  
1(0):  
2(0):  
3(8): (1,1,1) (1,1,-1) (1,-1,1) (-1,1,1) (1,-1,-1) (-1,1,-1) (-1,-1,1) (-1,-1,-1)  
4(6): (2,0,0) (0,2,0) (0,0,2) (0,0,-2) (0,-2,0) (-2,0,0)  
5(0):  
6(0):  
7(0):  
8(12): (2,2,0) (2,0,2) (0,2,2) (2,0,-2) (0,2,-2) (2,-2,0) (-2,2,0) (0,-2,2) (-2,0,2) (0,-2,-2) (-2,0,-2) (-2,-2,0)  
9(0):  
10(0):  
11(24): (3,1,1) (1,3,1) (3,1,-1) (1,3,-1) (1,1,3) (3,-1,1) (3,-1,-1) (-1,3,1) (-1,3,-1) (1,1,-3) (1,-1,3) (-1,1,3) (1,-1,-3) (-1,1,-3) (-1,-1,3) (1,-3,1) (1,-3,-1) (-3,1,1) (-3,1,-1) (-1,-1,-3) (-1,-3,1) (-3,-1,1) (-1,-3,-1) (-3,-1,-1)  



Problem 7 (b)
G2(num):
0(1): 1.0  
1(0):  
2(0):  
3(8): -0.707106781187 0.707106781187 0.707106781187 0.707106781187 0.707106781187 0.707106781187 0.707106781187 -0.707106781187  
4(6): 6.12323399574e-17 6.12323399574e-17 6.12323399574e-17 6.12323399574e-17 6.12323399574e-17 6.12323399574e-17  
5(0):  
6(0):  
7(0):  
8(12): -1.0 -1.0 -1.0 1.0 1.0 1.0 1.0 1.0 1.0 -1.0 -1.0 -1.0  
9(0):  
10(0):  
11(24): -0.707106781187 -0.707106781187 -0.707106781187 -0.707106781187 -0.707106781187 -0.707106781187 0.707106781187 -0.707106781187 0.707106781187 0.707106781187 -0.707106781187 -0.707106781187 -0.707106781187 -0.707106781187 0.707106781187 0.707106781187 -0.707106781187 0.707106781187 -0.707106781187 -0.707106781187 -0.707106781187 -0.707106781187 -0.707106781187 -0.707106781187  



0.707106781187 menas sqrt(2)/2
The small number means 0



{{1/2 ((kx + 1)^2 + (ky + 1)^2 + (kz + 1)^2),0.000000e+00,0.000000e+00,0.000000e+00,0.000000e+00,-0.000000e+00,0.000000e+00,-0.000000e+00,-1.000000e-02,0.000000e+00,0.000000e+00,-0.000000e+00,0.000000e+00,1.626346e-01,-0.000000e+00,-0.000000e+00,-0.000000e+00,-0.000000e+00,0.000000e+00,-0.000000e+00,-1.000000e-02,-0.000000e+00,-0.000000e+00,-0.000000e+00,-1.000000e-02,-0.000000e+00,-0.000000e+00},{0.000000e+00,1/2 ((kx + 1)^2 + (ky + 1)^2 + (kz + 0)^2),0.000000e+00,0.000000e+00,0.000000e+00,0.000000e+00,0.000000e+00,0.000000e+00,-0.000000e+00,0.000000e+00,0.000000e+00,0.000000e+00,-1.626346e-01,0.000000e+00,1.626346e-01,0.000000e+00,-0.000000e+00,-0.000000e+00,0.000000e+00,0.000000e+00,-0.000000e+00,0.000000e+00,-0.000000e+00,-0.000000e+00,-0.000000e+00,-1.000000e-02,-0.000000e+00},{0.000000e+00,0.000000e+00,1/2 ((kx + 1)^2 + (ky + 1)^2 + (kz + -1)^2),0.000000e+00,0.000000e+00,0.000000e+00,1.000000e-02,0.000000e+00,0.000000e+00,0.000000e+00,0.000000e+00,0.000000e+00,0.000000e+00,-1.626346e-01,0.000000e+00,0.000000e+00,0.000000e+00,-0.000000e+00,1.000000e-02,0.000000e+00,0.000000e+00,0.000000e+00,0.000000e+00,-0.000000e+00,0.000000e+00,-0.000000e+00,-1.000000e-02},{0.000000e+00,0.000000e+00,0.000000e+00,1/2 ((kx + 1)^2 + (ky + 0)^2 + (kz + 1)^2),0.000000e+00,0.000000e+00,0.000000e+00,0.000000e+00,-0.000000e+00,0.000000e+00,-1.626346e-01,0.000000e+00,0.000000e+00,0.000000e+00,-0.000000e+00,0.000000e+00,1.626346e-01,-0.000000e+00,0.000000e+00,0.000000e+00,-0.000000e+00,0.000000e+00,-0.000000e+00,-1.000000e-02,-0.000000e+00,-0.000000e+00,-0.000000e+00},{0.000000e+00,0.000000e+00,0.000000e+00,0.000000e+00,1/2 ((kx + 1)^2 + (ky + 0)^2 + (kz + 0)^2),0.000000e+00,0.000000e+00,0.000000e+00,0.000000e+00,-1.626346e-01,0.000000e+00,-1.626346e-01,0.000000e+00,0.000000e+00,0.000000e+00,-1.626346e-01,0.000000e+00,1.626346e-01,0.000000e+00,0.000000e+00,0.000000e+00,0.000000e+00,0.000000e+00,-0.000000e+00,0.000000e+00,-0.000000e+00,-0.000000e+00},{-0.000000e+00,0.000000e+00,0.000000e+00,0.000000e+00,0.000000e+00,1/2 ((kx + 1)^2 + (ky + 0)^2 + (kz + -1)^2),0.000000e+00,0.000000e+00,0.000000e+00,0.000000e+00,-1.626346e-01,0.000000e+00,0.000000e+00,0.000000e+00,0.000000e+00,0.000000e+00,-1.626346e-01,0.000000e+00,0.000000e+00,0.000000e+00,0.000000e+00,1.000000e-02,0.000000e+00,0.000000e+00,0.000000e+00,0.000000e+00,-0.000000e+00},{0.000000e+00,0.000000e+00,1.000000e-02,0.000000e+00,0.000000e+00,0.000000e+00,1/2 ((kx + 1)^2 + (ky + -1)^2 + (kz + 1)^2),0.000000e+00,0.000000e+00,0.000000e+00,0.000000e+00,0.000000e+00,0.000000e+00,-1.626346e-01,0.000000e+00,0.000000e+00,0.000000e+00,-0.000000e+00,1.000000e-02,0.000000e+00,0.000000e+00,0.000000e+00,0.000000e+00,-0.000000e+00,0.000000e+00,-0.000000e+00,-1.000000e-02},{-0.000000e+00,0.000000e+00,0.000000e+00,0.000000e+00,0.000000e+00,0.000000e+00,0.000000e+00,1/2 ((kx + 1)^2 + (ky + -1)^2 + (kz + 0)^2),0.000000e+00,0.000000e+00,0.000000e+00,0.000000e+00,-1.626346e-01,0.000000e+00,-1.626346e-01,0.000000e+00,0.000000e+00,0.000000e+00,0.000000e+00,1.000000e-02,0.000000e+00,0.000000e+00,0.000000e+00,0.000000e+00,0.000000e+00,0.000000e+00,-0.000000e+00},{-1.000000e-02,-0.000000e+00,0.000000e+00,-0.000000e+00,0.000000e+00,0.000000e+00,0.000000e+00,0.000000e+00,1/2 ((kx + 1)^2 + (ky + -1)^2 + (kz + -1)^2),-0.000000e+00,0.000000e+00,0.000000e+00,0.000000e+00,-1.626346e-01,0.000000e+00,0.000000e+00,0.000000e+00,0.000000e+00,0.000000e+00,0.000000e+00,1.000000e-02,0.000000e+00,0.000000e+00,0.000000e+00,1.000000e-02,0.000000e+00,0.000000e+00},{0.000000e+00,0.000000e+00,0.000000e+00,0.000000e+00,-1.626346e-01,0.000000e+00,0.000000e+00,0.000000e+00,-0.000000e+00,1/2 ((kx + 0)^2 + (ky + 1)^2 + (kz + 1)^2),0.000000e+00,0.000000e+00,0.000000e+00,0.000000e+00,-0.000000e+00,0.000000e+00,-0.000000e+00,-1.000000e-02,0.000000e+00,0.000000e+00,-0.000000e+00,0.000000e+00,1.626346e-01,-0.000000e+00,-0.000000e+00,-0.000000e+00,-0.000000e+00},{0.000000e+00,0.000000e+00,0.000000e+00,-1.626346e-01,0.000000e+00,-1.626346e-01,0.000000e+00,0.000000e+00,0.000000e+00,0.000000e+00,1/2 ((kx + 0)^2 + (ky + 1)^2 + (kz + 0)^2),0.000000e+00,0.000000e+00,0.000000e+00,0.000000e+00,0.000000e+00,0.000000e+00,-0.000000e+00,0.000000e+00,0.000000e+00,0.000000e+00,-1.626346e-01,0.000000e+00,1.626346e-01,0.000000e+00,-0.000000e+00,-0.000000e+00},{-0.000000e+00,0.000000e+00,0.000000e+00,0.000000e+00,-1.626346e-01,0.000000e+00,0.000000e+00,0.000000e+00,0.000000e+00,0.000000e+00,0.000000e+00,1/2 ((kx + 0)^2 + (ky + 1)^2 + (kz + -1)^2),0.000000e+00,0.000000e+00,0.000000e+00,1.000000e-02,0.000000e+00,0.000000e+00,0.000000e+00,0.000000e+00,0.000000e+00,0.000000e+00,-1.626346e-01,0.000000e+00,0.000000e+00,0.000000e+00,-0.000000e+00},{0.000000e+00,-1.626346e-01,0.000000e+00,0.000000e+00,0.000000e+00,0.000000e+00,0.000000e+00,-1.626346e-01,0.000000e+00,0.000000e+00,0.000000e+00,0.000000e+00,1/2 ((kx + 0)^2 + (ky + 0)^2 + (kz + 1)^2),0.000000e+00,0.000000e+00,0.000000e+00,0.000000e+00,-0.000000e+00,0.000000e+00,-1.626346e-01,0.000000e+00,0.000000e+00,0.000000e+00,-0.000000e+00,0.000000e+00,1.626346e-01,-0.000000e+00},{1.626346e-01,0.000000e+00,-1.626346e-01,0.000000e+00,0.000000e+00,0.000000e+00,-1.626346e-01,0.000000e+00,-1.626346e-01,0.000000e+00,0.000000e+00,0.000000e+00,0.000000e+00,1/2 ((kx + 0)^2 + (ky + 0)^2 + (kz + 0)^2),0.000000e+00,0.000000e+00,0.000000e+00,0.000000e+00,-1.626346e-01,0.000000e+00,-1.626346e-01,0.000000e+00,0.000000e+00,0.000000e+00,-1.626346e-01,0.000000e+00,1.626346e-01},{-0.000000e+00,1.626346e-01,0.000000e+00,-0.000000e+00,0.000000e+00,0.000000e+00,0.000000e+00,-1.626346e-01,0.000000e+00,-0.000000e+00,0.000000e+00,0.000000e+00,0.000000e+00,0.000000e+00,1/2 ((kx + 0)^2 + (ky + 0)^2 + (kz + -1)^2),0.000000e+00,0.000000e+00,0.000000e+00,0.000000e+00,-1.626346e-01,0.000000e+00,0.000000e+00,0.000000e+00,0.000000e+00,0.000000e+00,-1.626346e-01,0.000000e+00},{-0.000000e+00,0.000000e+00,0.000000e+00,0.000000e+00,-1.626346e-01,0.000000e+00,0.000000e+00,0.000000e+00,0.000000e+00,0.000000e+00,0.000000e+00,1.000000e-02,0.000000e+00,0.000000e+00,0.000000e+00,1/2 ((kx + 0)^2 + (ky + -1)^2 + (kz + 1)^2),0.000000e+00,0.000000e+00,0.000000e+00,0.000000e+00,0.000000e+00,0.000000e+00,-1.626346e-01,0.000000e+00,0.000000e+00,0.000000e+00,-0.000000e+00},{-0.000000e+00,-0.000000e+00,0.000000e+00,1.626346e-01,0.000000e+00,-1.626346e-01,0.000000e+00,0.000000e+00,0.000000e+00,-0.000000e+00,0.000000e+00,0.000000e+00,0.000000e+00,0.000000e+00,0.000000e+00,0.000000e+00,1/2 ((kx + 0)^2 + (ky + -1)^2 + (kz + 0)^2),0.000000e+00,0.000000e+00,0.000000e+00,0.000000e+00,-1.626346e-01,0.000000e+00,-1.626346e-01,0.000000e+00,0.000000e+00,0.000000e+00},{-0.000000e+00,-0.000000e+00,-0.000000e+00,-0.000000e+00,1.626346e-01,0.000000e+00,-0.000000e+00,0.000000e+00,0.000000e+00,-1.000000e-02,-0.000000e+00,0.000000e+00,-0.000000e+00,0.000000e+00,0.000000e+00,0.000000e+00,0.000000e+00,1/2 ((kx + 0)^2 + (ky + -1)^2 + (kz + -1)^2),-0.000000e+00,0.000000e+00,0.000000e+00,0.000000e+00,-1.626346e-01,0.000000e+00,0.000000e+00,0.000000e+00,0.000000e+00},{0.000000e+00,0.000000e+00,1.000000e-02,0.000000e+00,0.000000e+00,0.000000e+00,1.000000e-02,0.000000e+00,0.000000e+00,0.000000e+00,0.000000e+00,0.000000e+00,0.000000e+00,-1.626346e-01,0.000000e+00,0.000000e+00,0.000000e+00,-0.000000e+00,1/2 ((kx + -1)^2 + (ky + 1)^2 + (kz + 1)^2),0.000000e+00,0.000000e+00,0.000000e+00,0.000000e+00,-0.000000e+00,0.000000e+00,-0.000000e+00,-1.000000e-02},{-0.000000e+00,0.000000e+00,0.000000e+00,0.000000e+00,0.000000e+00,0.000000e+00,0.000000e+00,1.000000e-02,0.000000e+00,0.000000e+00,0.000000e+00,0.000000e+00,-1.626346e-01,0.000000e+00,-1.626346e-01,0.000000e+00,0.000000e+00,0.000000e+00,0.000000e+00,1/2 ((kx + -1)^2 + (ky + 1)^2 + (kz + 0)^2),0.000000e+00,0.000000e+00,0.000000e+00,0.000000e+00,0.000000e+00,0.000000e+00,-0.000000e+00},{-1.000000e-02,-0.000000e+00,0.000000e+00,-0.000000e+00,0.000000e+00,0.000000e+00,0.000000e+00,0.000000e+00,1.000000e-02,-0.000000e+00,0.000000e+00,0.000000e+00,0.000000e+00,-1.626346e-01,0.000000e+00,0.000000e+00,0.000000e+00,0.000000e+00,0.000000e+00,0.000000e+00,1/2 ((kx + -1)^2 + (ky + 1)^2 + (kz + -1)^2),0.000000e+00,0.000000e+00,0.000000e+00,1.000000e-02,0.000000e+00,0.000000e+00},{-0.000000e+00,0.000000e+00,0.000000e+00,0.000000e+00,0.000000e+00,1.000000e-02,0.000000e+00,0.000000e+00,0.000000e+00,0.000000e+00,-1.626346e-01,0.000000e+00,0.000000e+00,0.000000e+00,0.000000e+00,0.000000e+00,-1.626346e-01,0.000000e+00,0.000000e+00,0.000000e+00,0.000000e+00,1/2 ((kx + -1)^2 + (ky + 0)^2 + (kz + 1)^2),0.000000e+00,0.000000e+00,0.000000e+00,0.000000e+00,-0.000000e+00},{-0.000000e+00,-0.000000e+00,0.000000e+00,-0.000000e+00,0.000000e+00,0.000000e+00,0.000000e+00,0.000000e+00,0.000000e+00,1.626346e-01,0.000000e+00,-1.626346e-01,0.000000e+00,0.000000e+00,0.000000e+00,-1.626346e-01,0.000000e+00,-1.626346e-01,0.000000e+00,0.000000e+00,0.000000e+00,0.000000e+00,1/2 ((kx + -1)^2 + (ky + 0)^2 + (kz + 0)^2),0.000000e+00,0.000000e+00,0.000000e+00,0.000000e+00},{-0.000000e+00,-0.000000e+00,-0.000000e+00,-1.000000e-02,-0.000000e+00,0.000000e+00,-0.000000e+00,0.000000e+00,0.000000e+00,-0.000000e+00,1.626346e-01,0.000000e+00,-0.000000e+00,0.000000e+00,0.000000e+00,0.000000e+00,-1.626346e-01,0.000000e+00,-0.000000e+00,0.000000e+00,0.000000e+00,0.000000e+00,0.000000e+00,1/2 ((kx + -1)^2 + (ky + 0)^2 + (kz + -1)^2),0.000000e+00,0.000000e+00,0.000000e+00},{-1.000000e-02,-0.000000e+00,0.000000e+00,-0.000000e+00,0.000000e+00,0.000000e+00,0.000000e+00,0.000000e+00,1.000000e-02,-0.000000e+00,0.000000e+00,0.000000e+00,0.000000e+00,-1.626346e-01,0.000000e+00,0.000000e+00,0.000000e+00,0.000000e+00,0.000000e+00,0.000000e+00,1.000000e-02,0.000000e+00,0.000000e+00,0.000000e+00,1/2 ((kx + -1)^2 + (ky + -1)^2 + (kz + 1)^2),0.000000e+00,0.000000e+00},{-0.000000e+00,-1.000000e-02,-0.000000e+00,-0.000000e+00,-0.000000e+00,0.000000e+00,-0.000000e+00,0.000000e+00,0.000000e+00,-0.000000e+00,-0.000000e+00,0.000000e+00,1.626346e-01,0.000000e+00,-1.626346e-01,0.000000e+00,0.000000e+00,0.000000e+00,-0.000000e+00,0.000000e+00,0.000000e+00,0.000000e+00,0.000000e+00,0.000000e+00,0.000000e+00,1/2 ((kx + -1)^2 + (ky + -1)^2 + (kz + 0)^2),0.000000e+00},{-0.000000e+00,-0.000000e+00,-1.000000e-02,-0.000000e+00,-0.000000e+00,-0.000000e+00,-1.000000e-02,-0.000000e+00,0.000000e+00,-0.000000e+00,-0.000000e+00,-0.000000e+00,-0.000000e+00,1.626346e-01,0.000000e+00,-0.000000e+00,0.000000e+00,0.000000e+00,-1.000000e-02,-0.000000e+00,0.000000e+00,-0.000000e+00,0.000000e+00,0.000000e+00,0.000000e+00,0.000000e+00,1/2 ((kx + -1)^2 + (ky + -1)^2 + (kz + -1)^2)}}
